0 length 25807;
175 note 74 100;
226 note 74 0;
369 note 72 100;
418 note 72 0;
531 note 74 100;
563 note 74 0;
639 note 76 100;
679 note 76 0;
802 note 74 100;
830 note 74 0;
896 note 72 100;
952 note 72 0;
4851 note 74 100;
4905 note 74 0;
5036 note 72 100;
5092 note 72 0;
5208 note 74 100;
5256 note 74 0;
5393 note 76 100;
5424 note 76 0;
5681 note 72 100;
5715 note 72 0;
5875 note 74 100;
5897 note 74 0;
6474 note 62 100;
6520 note 62 0;
6771 note 62 100;
6807 note 62 0;
7008 note 64 100;
7054 note 64 0;
8066 note 74 100;
8108 note 74 0;
8648 note 62 100;
8698 note 62 0;
8911 note 64 100;
8966 note 64 0;
9918 note 76 100;
9958 note 76 0;
10010 note 74 100;
10045 note 74 0;
11257 note 62 100;
11294 note 62 0;
11516 note 64 100;
11548 note 64 0;
11786 note 74 100;
11823 note 74 0;
12884 note 62 100;
12920 note 62 0;
13159 note 64 100;
13193 note 64 0;
13781 note 74 100;
13811 note 74 0;
13979 note 76 100;
14010 note 76 0;
14141 note 74 100;
14175 note 74 0;
14229 note 62 100;
14269 note 62 0;
14562 note 64 100;
14606 note 64 0;
15841 note 62 100;
15867 note 62 0;
16128 note 64 100;
16163 note 64 0;
16739 note 74 100;
16778 note 74 0;
17011 note 76 100;
17054 note 76 0;
17278 note 62 100;
17320 note 62 0;
17566 note 64 100;
17599 note 64 0;
18514 note 74 100;
18560 note 74 0;
19897 note 74 100;
19938 note 74 0;
20161 note 62 100;
20206 note 62 0;
20433 note 64 100;
20479 note 64 0;
20696 note 76 100;
20736 note 76 0;
21423 note 62 100;
21464 note 62 0;
21659 note 64 100;
21711 note 64 0;
22359 note 74 100;
22406 note 74 0;
22781 note 62 100;
22825 note 62 0;
22976 note 76 100;
23008 note 76 0;
23139 note 64 100;
23171 note 64 0;
23753 note 74 100;
23799 note 74 0;
23865 note 62 100;
23918 note 62 0;
24034 note 76 100;
24076 note 76 0;
24311 note 64 100;
24349 note 64 0;
