0 length 28765;
0 note 75 100;
117 note 75 0;
213 note 74 100;
313 note 74 0;
510 note 70 100;
596 note 70 0;
689 note 67 100;
828 note 67 0;
1423 note 70 100;
1529 note 70 0;
1634 note 68 100;
1697 note 68 0;
1721 note 70 100;
1795 note 70 0;
3040 note 70 100;
3122 note 69 100;
3139 note 70 0;
3218 note 69 0;
3238 note 67 100;
3355 note 63 100;
3385 note 67 0;
3478 note 63 0;
3566 note 74 100;
3660 note 74 0;
3965 note 75 100;
4019 note 75 0;
4241 note 74 100;
4330 note 74 0;
5950 note 82 100;
6034 note 80 100;
6059 note 82 0;
6178 note 80 0;
6345 note 75 100;
6371 note 79 100;
6419 note 75 0;
6449 note 79 0;
7210 note 72 100;
7358 note 72 0;
7392 note 79 100;
7482 note 75 100;
7493 note 79 0;
7575 note 77 100;
7576 note 75 0;
7689 note 77 0;
7784 note 79 100;
7914 note 79 0;
7938 note 77 100;
8038 note 77 0;
8177 note 79 100;
8297 note 79 0;
8803 note 80 100;
8910 note 79 100;
8936 note 80 0;
9042 note 79 0;
9096 note 77 100;
9188 note 77 0;
9203 note 75 100;
9302 note 75 0;
9373 note 79 100;
9483 note 79 0;
9600 note 75 100;
9634 note 77 100;
9672 note 75 0;
9742 note 77 0;
9888 note 72 100;
10005 note 72 0;
10073 note 75 100;
10196 note 75 0;
10311 note 75 100;
10430 note 75 0;
10523 note 77 100;
10605 note 75 100;
10625 note 77 0;
10744 note 75 0;
10814 note 72 100;
10915 note 72 0;
11669 note 77 100;
11743 note 75 100;
11763 note 77 0;
11849 note 72 100;
11871 note 75 0;
11915 note 70 100;
11936 note 72 0;
12028 note 67 100;
12053 note 70 0;
12148 note 67 0;
12224 note 72 100;
12331 note 72 0;
12499 note 72 100;
12612 note 72 0;
12742 note 72 100;
12849 note 72 0;
13109 note 77 100;
13190 note 75 100;
13220 note 77 0;
13292 note 72 100;
13308 note 75 0;
13364 note 72 0;
13371 note 70 100;
13493 note 67 100;
13521 note 70 0;
13599 note 67 0;
13661 note 79 100;
13787 note 79 0;
13926 note 75 100;
14010 note 75 0;
14227 note 75 100;
14318 note 75 0;
14559 note 79 100;
14632 note 75 100;
14655 note 79 0;
14736 note 72 100;
14749 note 75 0;
14793 note 70 100;
14794 note 72 0;
14926 note 72 100;
14940 note 70 0;
15019 note 72 0;
15034 note 67 100;
15119 note 75 100;
15153 note 67 0;
15237 note 80 100;
15238 note 75 0;
15316 note 75 100;
15344 note 80 0;
15428 note 72 100;
15447 note 75 0;
15492 note 72 0;
15517 note 70 100;
15592 note 75 100;
15612 note 70 0;
15674 note 75 0;
15704 note 67 100;
15799 note 79 100;
15807 note 67 0;
15864 note 75 100;
15888 note 79 0;
15980 note 72 100;
15993 note 75 0;
16037 note 72 0;
16058 note 70 100;
16128 note 70 0;
16144 note 79 100;
16236 note 75 100;
16260 note 79 0;
16342 note 72 100;
16357 note 75 0;
16398 note 72 0;
16410 note 70 100;
16488 note 70 0;
16502 note 77 100;
16612 note 75 100;
16615 note 77 0;
16617 note 73 100;
16683 note 73 0;
16712 note 75 0;
16725 note 71 100;
16735 note 67 100;
16751 note 71 0;
16832 note 76 100;
16852 note 67 0;
16942 note 76 0;
16959 note 74 100;
16962 note 72 100;
17017 note 72 0;
17024 note 74 0;
17064 note 68 100;
17154 note 68 0;
17162 note 74 100;
17163 note 76 100;
17236 note 76 0;
17239 note 74 0;
17263 note 65 100;
17314 note 71 100;
17353 note 65 0;
17411 note 71 0;
17452 note 72 100;
17554 note 72 0;
18846 note 74 100;
18927 note 74 0;
18942 note 75 100;
19005 note 74 100;
19032 note 75 0;
19103 note 72 100;
19120 note 74 0;
19178 note 72 0;
19206 note 67 100;
19299 note 66 100;
19326 note 67 0;
19434 note 70 100;
19457 note 67 100;
19494 note 66 0;
19522 note 67 0;
19549 note 69 100;
19568 note 70 0;
19640 note 69 0;
19704 note 66 100;
19841 note 67 100;
19858 note 66 0;
19956 note 67 0;
20179 note 80 100;
20298 note 78 100;
20320 note 78 0;
20327 note 78 100;
20331 note 78 0;
20342 note 80 0;
20383 note 77 100;
20451 note 71 100;
20455 note 77 0;
20565 note 70 100;
20569 note 71 0;
20666 note 71 100;
20701 note 70 0;
20721 note 72 100;
20739 note 71 0;
20773 note 72 0;
20852 note 82 100;
20976 note 82 0;
20983 note 80 100;
21094 note 80 0;
21101 note 73 100;
21209 note 74 100;
21268 note 73 0;
21302 note 76 100;
21305 note 74 0;
21420 note 73 100;
21422 note 76 0;
21483 note 74 100;
21524 note 73 0;
21546 note 83 100;
21555 note 74 0;
21672 note 83 0;
22821 note 72 100;
22930 note 72 0;
22944 note 60 100;
23028 note 72 100;
23037 note 60 0;
23154 note 72 0;
23173 note 60 100;
23260 note 60 0;
23347 note 72 100;
23469 note 72 0;
23474 note 60 100;
23548 note 60 0;
23575 note 75 100;
23668 note 75 0;
23754 note 77 100;
23834 note 77 0;
23902 note 60 100;
23961 note 60 0;
23973 note 72 100;
24075 note 72 0;
24219 note 60 100;
24247 note 75 100;
24280 note 60 0;
24350 note 75 0;
24426 note 60 100;
24476 note 72 100;
24514 note 60 0;
24576 note 72 0;
24681 note 60 100;
24753 note 60 0;
24762 note 70 100;
24898 note 70 0;
24958 note 60 100;
25030 note 60 0;
25039 note 67 100;
25112 note 67 0;
25174 note 60 100;
25233 note 72 100;
25258 note 60 0;
25374 note 72 0;
25439 note 60 100;
25517 note 60 0;
25533 note 75 100;
25601 note 75 0;
25672 note 60 100;
25726 note 60 0;
25726 note 72 100;
25825 note 72 0;
25877 note 60 100;
25926 note 75 100;
25972 note 60 0;
26065 note 75 0;
26145 note 60 100;
26211 note 72 100;
26237 note 60 0;
26316 note 72 0;
26358 note 60 100;
26424 note 60 0;
26441 note 70 100;
26539 note 70 0;
26656 note 67 100;
26740 note 67 0;
26836 note 66 100;
26891 note 66 0;
26917 note 70 100;
27028 note 70 0;
27123 note 66 100;
27159 note 67 100;
27188 note 66 0;
27260 note 67 0;
27299 note 66 100;
27363 note 66 0;
27368 note 67 100;
27494 note 67 0;
27562 note 65 100;
27648 note 65 0;
27675 note 70 100;
27777 note 70 0;
27778 note 63 100;
27892 note 67 100;
27901 note 63 0;
27975 note 67 0;
28008 note 65 100;
28085 note 67 100;
28106 note 65 0;
28216 note 67 0;
28231 note 63 100;
28302 note 70 100;
28358 note 63 0;
28438 note 65 100;
28440 note 70 0;
28513 note 67 100;
28528 note 65 0;
28649 note 72 100;
28661 note 67 0;
28692 note 72 0;
